112
sp|O95838|GLP2R_HUMAN 100.000000 10.338346 11.484594 11.508951 11.340206 11.680912 11.445783 11.483254 28.310502 13.065327 11.793612 12.997347 12.405063 24.000000 11.030741 11.382114 9.403255 10.609481 11.076923 11.611374 12.637363 15.333333 11.250000 11.898017 13.199105 12.264151 12.307692 13.554987 14.404432 12.410501 11.380145 11.312217 11.740042 36.687631 10.752688 12.149533 10.272537 11.855670 12.320917 10.769231 11.086957 12.564103 12.621359 12.679426 10.020877 11.792453 10.669078 13.253012 11.261261 39.740821 10.085837 11.197917 10.772834 12.082262 12.857143 10.322581 10.828025 10.849910 12.235294 11.977716 14.402174 10.500000 11.286089 11.659193 11.471861 33.636364 10.958904 11.528822 12.574850 12.302839 12.938005 11.055276 12.631579 9.945750 25.135624 10.061602 12.576687 10.666667 10.187110 10.488246 12.154696 11.977716 26.709402 11.860465 11.235955 13.068182 12.045455 11.754069 11.680328 10.698690 10.647182 11.004785 29.759300 12.087912 11.652542 11.145511 12.745098 11.235955 11.559140 10.945274 12.244898 12.105263 11.392405 12.462908 10.126582 17.088608 11.634349 12.849162 9.227468 12.568306 10.937500 12.000000
sp|P08912|ACM5_HUMAN  10.338346 100.000000 20.728291 13.299233 21.391753 15.099715 10.843373 16.507177 9.132420 14.824121 15.479115 26.525199 14.177215 9.398496 12.593985 16.531165 50.187970 21.218962 13.230769 23.459716 18.131868 14.333333 20.250000 15.297450 16.554810 18.238994 25.384615 16.112532 11.911357 20.047733 21.791768 11.764706 19.077568 9.853249 21.720430 17.990654 15.723270 16.752577 16.045845 17.307692 54.130435 11.025641 15.533981 12.918660 43.632568 15.094340 9.962406 21.686747 15.090090 10.367171 17.811159 16.145833 13.114754 14.652956 17.714286 14.193548 17.197452 10.526316 15.529412 11.420613 18.206522 15.750000 16.535433 18.609865 20.995671 10.681818 26.849315 13.533835 15.269461 17.350158 13.477089 14.070352 16.578947 12.030075 9.210526 25.256674 16.564417 19.111111 16.216216 9.962406 17.127072 25.069638 9.401709 15.116279 20.224719 14.772727 17.500000 10.526316 12.704918 16.593886 19.206681 13.636364 8.752735 15.109890 11.016949 16.408669 18.137255 14.831461 18.817204 12.686567 12.536443 14.473684 16.353383 13.946588 10.714286 8.649789 16.343490 12.011173 42.489270 26.775956 13.281250 13.600000
sp|P47898|5HT5A_HUMAN 11.484594 20.728291 100.000000 12.605042 22.689076 15.954416 16.867470 19.327731 11.484594 12.605042 13.445378 29.691877 14.005602 10.084034 13.445378 15.686275 24.089636 27.731092 16.923077 29.971989 17.086835 15.000000 26.610644 15.580737 13.445378 16.352201 31.372549 17.086835 13.725490 24.369748 21.848739 12.324930 23.529412 10.924370 27.170868 16.246499 20.168067 14.005602 13.467049 26.330532 22.689076 13.445378 13.445378 15.406162 22.689076 15.406162 13.725490 18.072289 14.565826 12.324930 28.291317 14.565826 13.445378 13.165266 17.142857 14.285714 24.089636 11.484594 14.565826 14.285714 13.165266 14.005602 15.966387 21.848739 27.450980 11.204482 28.571429 14.845938 14.071856 18.296530 18.207283 15.126050 15.406162 12.324930 11.204482 24.089636 18.404908 25.770308 21.568627 12.885154 18.767507 19.047619 11.204482 16.246499 19.887955 11.647727 25.210084 12.605042 12.324930 25.490196 29.131653 14.285714 11.764706 16.526611 17.927171 16.718266 24.649860 15.406162 14.005602 14.285714 14.285714 14.005602 26.890756 13.946588 12.605042 11.204482 17.086835 13.445378 22.408964 30.252101 13.445378 14.565826
sp|P30411|BKRB2_HUMAN 11.508951 13.299233 12.605042 100.000000 12.628866 15.954416 15.361446 20.971867 11.508951 19.948849 17.647059 16.976127 17.135550 10.230179 13.043478 21.409214 16.879795 15.089514 13.846154 15.601023 23.351648 17.000000 16.112532 13.881020 14.066496 17.924528 14.615385 20.716113 15.789474 14.066496 14.066496 16.879795 13.810742 11.764706 14.322251 15.856777 12.276215 18.556701 20.630372 17.647059 15.601023 10.256410 12.787724 13.554987 14.066496 14.833760 9.974425 15.060241 16.624041 11.253197 15.856777 19.531250 15.345269 14.395887 19.428571 16.624041 15.856777 11.253197 14.322251 12.256267 19.021739 19.181586 15.485564 15.089514 14.322251 10.997442 16.712329 18.414322 20.059880 13.880126 14.555256 14.833760 17.631579 10.997442 9.974425 14.322251 15.337423 13.554987 14.578005 12.531969 15.745856 17.827298 11.764706 14.833760 13.554987 21.875000 15.856777 10.997442 13.043478 13.810742 15.856777 13.810742 11.764706 12.912088 12.787724 15.789474 14.833760 13.554987 19.086022 10.997442 14.285714 21.052632 15.089514 22.551929 10.741688 10.741688 15.235457 12.569832 13.299233 15.027322 14.583333 15.733333
sp|Q13639|5HT4R_HUMAN 11.340206 21.391753 22.689076 12.628866 100.000000 16.524217 14.457831 16.494845 10.567010 16.494845 15.979381 24.933687 15.721649 11.597938 11.340206 17.886179 23.711340 24.484536 18.461538 27.577320 18.406593 13.666667 22.938144 12.181303 17.783505 22.641509 20.876289 17.268041 13.850416 20.876289 28.092784 12.113402 30.154639 10.824742 25.515464 17.525773 27.319588 17.268041 16.905444 27.835052 22.164948 14.175258 22.422680 15.979381 20.618557 15.206186 10.309278 21.084337 22.422680 10.309278 24.226804 16.927083 13.659794 15.463918 17.428571 16.237113 18.814433 10.824742 19.072165 13.370474 19.836957 16.752577 17.322835 28.350515 22.938144 10.051546 24.383562 17.268041 14.970060 17.665615 16.442049 16.752577 17.368421 12.886598 11.855670 22.164948 21.779141 23.969072 18.298969 11.597938 17.403315 31.476323 9.793814 15.463918 20.876289 13.920455 23.711340 11.855670 15.721649 23.453608 25.773196 14.432990 12.371134 16.208791 18.814433 15.789474 25.000000 15.463918 18.279570 11.855670 11.953353 19.210526 27.061856 13.649852 10.567010 10.824742 16.897507 12.849162 20.618557 24.863388 15.885417 15.466667
sp|Q9HBW0|LPAR2_HUMAN 11.680912 15.099715 15.954416 15.954416 16.524217 100.000000 20.180723 16.809117 12.820513 15.384615 13.675214 13.105413 16.524217 11.965812 11.965812 13.675214 16.524217 13.390313 19.076923 15.384615 17.094017 13.666667 16.239316 45.014245 13.960114 16.981132 14.245014 17.094017 14.529915 17.948718 17.663818 12.535613 17.378917 13.960114 16.524217 12.820513 13.105413 18.233618 13.180516 19.943020 17.378917 13.390313 16.524217 13.390313 17.948718 14.245014 10.826211 20.180723 15.669516 12.535613 17.378917 14.529915 12.820513 15.384615 15.714286 13.105413 16.809117 11.396011 15.099715 13.960114 16.809117 15.954416 16.239316 15.099715 17.663818 15.099715 13.960114 14.245014 14.071856 17.665615 19.943020 16.809117 15.954416 12.820513 12.820513 13.960114 16.564417 13.960114 17.378917 13.105413 17.663818 17.663818 12.535613 17.948718 15.954416 13.960114 15.384615 11.680912 12.535613 14.245014 18.518519 13.105413 14.245014 50.427350 20.227920 16.718266 19.943020 13.105413 17.378917 16.809117 14.285714 15.384615 20.797721 11.869436 13.105413 11.111111 13.675214 12.820513 15.099715 16.809117 13.675214 14.529915
sp|P32245|MC4R_HUMAN  11.445783 10.843373 16.867470 15.361446 14.457831 20.180723 100.000000 15.963855 14.156627 16.867470 15.662651 20.180723 12.650602 12.951807 13.253012 16.265060 20.481928 18.373494 60.307692 16.265060 16.265060 11.333333 13.855422 19.578313 17.168675 15.408805 19.277108 14.457831 12.951807 17.469880 17.771084 16.265060 19.277108 13.253012 15.361446 16.265060 15.662651 15.060241 14.759036 16.265060 12.951807 12.349398 21.084337 14.156627 15.060241 14.457831 12.048193 18.975904 15.662651 11.746988 21.084337 16.867470 15.662651 15.060241 17.771084 15.662651 18.975904 13.855422 16.265060 13.855422 14.457831 12.951807 15.963855 19.578313 14.156627 12.048193 16.867470 15.060241 11.746988 45.425868 15.060241 15.662651 16.265060 12.048193 12.349398 13.554217 15.644172 18.674699 15.662651 12.048193 15.662651 18.072289 13.253012 15.361446 15.662651 15.361446 13.253012 11.144578 13.554217 19.277108 20.180723 14.156627 11.445783 20.481928 19.277108 55.108359 14.457831 15.060241 15.662651 13.554217 12.048193 12.048193 20.783133 12.951807 10.542169 10.843373 15.662651 14.457831 13.253012 20.783133 15.662651 13.554217
sp|P32745|SSR3_HUMAN  11.483254 16.507177 19.327731 20.971867 16.494845 16.809117 15.963855 100.000000 11.244019 27.135678 18.181818 16.445623 20.000000 11.004785 12.918660 44.173442 16.028708 15.071770 16.000000 15.071770 52.197802 15.333333 15.750000 15.297450 18.421053 18.867925 15.897436 40.664962 18.836565 17.942584 18.644068 13.397129 20.334928 11.961722 17.942584 19.377990 15.071770 38.659794 24.068768 20.334928 15.550239 13.076923 17.475728 16.267943 16.746411 15.071770 10.765550 20.180723 17.464115 10.047847 21.291866 17.968750 12.679426 16.452442 18.000000 20.095694 14.832536 11.722488 14.354067 13.370474 26.630435 27.500000 17.847769 16.507177 16.028708 11.483254 15.890411 19.548872 20.658683 17.981073 15.633423 18.341709 29.473684 10.287081 11.961722 16.507177 19.938650 17.942584 18.899522 10.526316 19.613260 19.777159 10.765550 18.421053 16.028708 21.590909 18.421053 11.722488 15.071770 15.789474 17.703349 16.267943 12.440191 16.758242 13.875598 15.789474 19.117647 14.593301 31.451613 14.179104 15.743440 22.368421 22.966507 18.991098 12.918660 10.047847 16.897507 13.966480 17.224880 15.300546 20.052083 19.466667
sp|P41587|VIPR2_HUMAN 28.310502 9.132420 11.484594 11.508951 10.567010 12.820513 14.156627 11.244019 100.000000 12.060302 11.302211 12.466844 11.139241 26.712329 12.557078 12.466125 11.415525 9.589041 13.230769 10.426540 13.736264 13.666667 10.250000 12.747875 11.872146 12.893082 12.564103 11.764706 12.742382 10.023866 11.138015 11.872146 11.415525 30.365297 9.589041 11.214953 10.273973 12.628866 12.607450 12.557078 10.273973 10.769231 10.194175 11.722488 10.273973 12.735849 10.958904 12.650602 11.872146 29.223744 10.273973 12.500000 11.475410 11.568123 13.142857 11.643836 11.187215 11.187215 11.294118 11.699164 11.413043 11.750000 11.286089 10.958904 10.730594 41.552511 12.876712 11.528822 13.473054 12.302839 12.668464 10.301508 12.894737 12.100457 31.050228 10.273973 10.736196 10.045662 11.872146 12.785388 13.535912 11.699164 47.945205 10.930233 9.589041 13.068182 11.415525 11.187215 10.958904 10.730594 10.958904 11.004785 42.465753 10.714286 11.415525 12.383901 10.294118 10.273973 13.440860 12.935323 12.244898 11.578947 12.328767 12.759644 12.785388 18.949772 11.357341 11.731844 8.447489 12.568306 12.500000 13.333333
sp|Q969F8|KISSR_HUMAN 13.065327 14.824121 12.605042 19.948849 16.494845 15.384615 16.867470 27.135678 12.060302 100.000000 18.341709 15.384615 20.000000 11.809045 12.060302 21.680217 15.326633 14.321608 16.615385 16.582915 28.021978 16.000000 16.582915 13.031161 21.859296 15.408805 14.871795 23.273657 16.897507 18.592965 16.834171 17.587940 21.105528 10.552764 17.587940 19.597990 15.577889 23.453608 30.085960 22.864322 16.080402 14.358974 16.834171 15.577889 17.587940 18.592965 10.804020 16.867470 20.351759 11.809045 19.095477 19.010417 15.075377 18.766067 19.428571 17.839196 15.075377 11.809045 22.361809 13.927577 32.608696 21.356784 21.522310 14.824121 17.336683 12.311558 14.246575 20.351759 17.964072 18.611987 17.520216 19.849246 24.210526 13.316583 12.814070 15.577889 18.404908 14.824121 15.075377 12.562814 17.127072 20.334262 11.306533 22.361809 16.582915 16.477273 20.603015 12.562814 16.331658 15.075377 18.090452 15.326633 10.804020 14.010989 14.070352 14.860681 21.105528 15.326633 25.000000 14.321608 14.285714 20.000000 22.613065 17.507418 12.562814 11.306533 15.512465 15.363128 15.075377 16.393443 17.708333 17.866667
sp|P25103|NK1R_HUMAN  11.793612 15.479115 13.445378 17.647059 15.979381 13.675214 15.662651 18.181818 11.302211 18.341709 100.000000 16.710875 15.696203 11.056511 10.319410 19.783198 15.479115 14.742015 15.384615 13.759214 16.208791 12.666667 15.750000 14.164306 19.164619 17.610063 13.333333 16.368286 14.127424 13.759214 17.199017 14.987715 16.953317 10.810811 13.022113 21.621622 14.004914 18.298969 21.489971 15.233415 14.987715 9.230769 16.216216 16.461916 14.742015 14.742015 11.302211 21.385542 22.358722 11.547912 18.181818 18.489583 14.987715 14.910026 20.000000 56.511057 15.724816 10.810811 22.358722 11.420613 17.663043 16.000000 24.409449 15.479115 14.250614 11.793612 15.342466 18.045113 17.065868 11.987382 15.363881 46.733668 18.684211 12.039312 11.547912 14.987715 18.404908 13.267813 14.004914 10.810811 19.337017 18.384401 10.810811 20.884521 14.987715 17.329545 14.742015 10.073710 12.039312 15.970516 15.479115 13.759214 10.319410 14.285714 13.759214 13.931889 16.953317 14.250614 19.354839 11.194030 12.536443 16.052632 17.936118 17.804154 12.530713 9.336609 15.235457 13.128492 14.250614 15.573770 25.000000 21.333333
sp|P28221|5HT1D_HUMAN 12.997347 26.525199 29.691877 16.976127 24.933687 13.105413 20.180723 16.445623 12.466844 15.384615 16.710875 100.000000 14.323607 11.140584 11.140584 19.241192 24.668435 31.830239 19.384615 38.992042 19.230769 14.666667 28.116711 17.280453 17.771883 19.496855 59.681698 18.832891 14.958449 23.607427 26.525199 15.915119 27.055703 11.140584 31.034483 19.893899 23.342175 15.649867 17.478510 30.238727 25.198939 12.201592 19.363395 15.915119 25.729443 17.241379 11.405836 16.566265 19.893899 13.527851 27.320955 15.915119 13.793103 17.771883 19.142857 17.506631 24.668435 11.671088 18.567639 12.813370 14.130435 16.710875 16.710875 26.790451 32.095491 11.140584 43.835616 15.915119 14.371257 17.350158 15.633423 16.445623 15.384615 11.671088 11.671088 28.116711 17.484663 27.851459 22.015915 11.671088 16.850829 27.298050 11.140584 18.567639 21.220159 15.340909 23.872679 11.671088 14.854111 25.464191 29.708223 19.098143 11.671088 16.483516 16.710875 21.052632 24.403183 17.506631 15.591398 15.119363 13.994169 15.119363 25.729443 18.100890 11.671088 10.610080 16.620499 13.407821 24.137931 44.262295 16.445623 15.733333
sp|Q9Y5Y4|PD2R2_HUMAN 12.405063 14.177215 14.005602 17.135550 15.721649 16.524217 12.650602 20.000000 11.139241 20.000000 15.696203 14.323607 100.000000 10.886076 12.658228 19.241192 15.189873 13.164557 13.230769 15.443038 20.329670 20.666667 14.683544 15.014164 17.468354 14.150943 14.102564 18.158568 16.620499 14.177215 15.189873 13.670886 19.240506 13.164557 15.443038 14.936709 14.936709 21.134021 15.472779 18.734177 15.189873 12.051282 13.164557 15.696203 15.189873 16.455696 10.886076 16.867470 14.683544 12.405063 16.962025 17.447917 10.886076 15.424165 15.428571 14.936709 13.417722 11.139241 14.683544 14.763231 21.739130 17.974684 14.698163 15.696203 14.936709 11.139241 13.972603 16.202532 16.167665 15.772871 16.981132 16.455696 18.684211 11.898734 12.405063 14.936709 11.963190 15.443038 14.177215 12.405063 16.574586 17.270195 12.151899 17.468354 16.455696 19.034091 15.189873 12.151899 15.443038 13.417722 13.924051 12.911392 12.151899 14.010989 12.658228 15.789474 18.227848 13.417722 20.430108 16.202532 14.868805 21.578947 17.974684 16.023739 11.645570 11.139241 14.681440 13.687151 14.430380 15.027322 14.322917 16.533333
sp|P49190|PTH2R_HUMAN 24.000000 9.398496 10.084034 10.230179 11.597938 11.965812 12.951807 11.004785 26.712329 11.809045 11.056511 11.140584 10.886076 100.000000 11.454545 11.382114 10.727273 10.158014 13.538462 11.374408 13.461538 13.333333 10.250000 11.048159 12.080537 11.635220 11.794872 11.764706 12.465374 9.785203 12.590799 12.217195 10.691824 25.366876 10.107527 10.747664 10.901468 11.597938 11.747851 11.538462 11.304348 10.769231 11.893204 12.440191 10.438413 12.264151 10.363636 12.048193 11.261261 26.133909 10.515021 11.979167 11.007026 12.082262 12.571429 11.397849 12.101911 10.545455 12.705882 10.584958 11.413043 11.500000 12.598425 10.313901 11.038961 33.181818 11.780822 11.027569 12.275449 12.933754 12.398922 12.562814 10.263158 11.272727 45.454545 9.240246 11.656442 10.888889 11.226611 10.545455 12.707182 12.256267 26.709402 11.162791 10.786517 13.920455 11.363636 10.000000 13.934426 11.790393 9.812109 11.244019 31.947484 10.989011 11.440678 13.003096 10.784314 10.112360 12.096774 11.691542 11.661808 13.421053 10.727273 12.759644 10.000000 24.472574 11.080332 12.849162 10.944206 11.748634 11.718750 11.466667
sp|Q9UBS5|GABR1_HUMAN 11.030741 12.593985 13.445378 13.043478 11.340206 11.965812 13.253012 12.918660 12.557078 12.060302 10.319410 11.140584 12.658228 11.454545 100.000000 11.653117 10.847458 11.738149 12.615385 11.374408 10.714286 13.000000 11.750000 10.764873 11.185682 12.264151 11.025641 12.787724 12.465374 10.978520 12.832930 10.859729 11.320755 12.368973 12.043011 12.149533 11.530398 12.371134 12.034384 10.961538 10.652174 12.564103 10.922330 11.483254 10.647182 12.500000 11.366120 12.349398 11.936937 14.254860 11.802575 12.239583 10.304450 12.082262 13.142857 12.043011 11.040340 11.233480 12.470588 12.534819 13.043478 11.000000 11.811024 11.434978 12.121212 11.363636 11.506849 11.278195 12.874251 13.249211 12.938005 11.306533 13.157895 10.580205 10.792580 11.498973 12.269939 10.444444 12.058212 12.171053 12.154696 11.977716 10.897436 12.558140 10.561798 12.215909 11.818182 12.884835 11.680328 11.790393 11.482255 11.961722 12.035011 10.989011 10.593220 11.764706 12.500000 11.910112 11.827957 12.686567 14.577259 12.105263 10.839161 11.869436 13.073394 11.181435 11.357341 12.290503 10.300429 11.475410 11.197917 12.000000
sp|P30874|SSR2_HUMAN  11.382114 16.531165 15.686275 21.409214 17.886179 13.675214 16.265060 44.173442 12.466125 21.680217 19.783198 19.241192 19.241192 11.382114 11.653117 100.000000 15.718157 14.905149 16.923077 17.886179 48.626374 14.666667 15.989160 14.447592 15.989160 19.182390 15.718157 43.902439 18.005540 16.802168 17.615176 18.428184 21.409214 10.840108 19.241192 20.867209 18.699187 41.192412 26.074499 21.680217 14.634146 15.447154 11.924119 15.447154 14.092141 17.073171 11.382114 17.469880 20.867209 11.653117 22.764228 18.970190 13.821138 17.073171 19.142857 19.241192 18.699187 11.653117 20.325203 10.584958 19.565217 33.875339 19.783198 18.157182 17.344173 9.756098 18.904110 22.222222 22.754491 13.564669 16.531165 18.699187 31.165312 11.382114 11.924119 15.176152 18.098160 17.344173 18.699187 11.653117 16.850829 19.498607 11.653117 18.970190 16.531165 21.875000 16.802168 12.737127 15.176152 19.783198 14.634146 17.615176 11.653117 15.384615 13.008130 15.479876 18.970190 16.260163 32.520325 13.821138 15.160350 20.325203 21.951220 21.068249 10.840108 10.840108 14.127424 12.290503 15.718157 16.939891 18.970190 15.718157
sp|P20309|ACM3_HUMAN  9.403255 50.187970 24.089636 16.879795 23.711340 16.524217 20.481928 16.028708 11.415525 15.326633 15.479115 24.668435 15.189873 10.727273 10.847458 15.718157 100.000000 22.573363 18.769231 24.644550 19.230769 13.000000 20.000000 15.297450 16.554810 18.238994 25.897436 16.368286 13.573407 15.513126 22.033898 14.705882 20.125786 10.062893 19.569892 17.056075 16.561845 17.268041 19.484241 16.538462 52.826087 11.538462 16.504854 15.071770 45.720251 15.330189 10.677966 21.686747 14.864865 11.447084 16.952790 16.927083 12.646370 16.966581 19.714286 14.408602 19.108280 10.169492 14.352941 12.534819 15.760870 16.250000 17.060367 18.609865 19.047619 10.681818 27.671233 15.789474 12.574850 18.611987 14.016173 16.080402 16.578947 10.508475 9.491525 23.613963 16.871166 19.111111 18.918919 10.677966 19.613260 23.676880 10.897436 15.116279 23.595506 16.193182 19.090909 10.847458 12.295082 17.467249 21.711900 14.832536 11.597374 16.758242 13.559322 15.479876 17.892157 15.056180 17.473118 13.184080 12.827988 16.578947 17.132867 16.320475 10.847458 9.915612 17.728532 13.687151 44.635193 28.415301 13.802083 16.266667
sp|P14416|DRD2_HUMAN  10.609481 21.218962 27.731092 15.089514 24.484536 13.390313 18.373494 15.071770 9.589041 14.321608 14.742015 31.830239 13.164557 10.158014 11.738149 14.905149 22.573363 100.000000 12.615385 26.540284 20.879121 13.666667 49.000000 13.314448 13.995485 22.012579 28.717949 14.578005 13.296399 32.458234 21.791768 13.122172 21.444695 10.383747 28.216704 15.420561 20.316027 13.917526 18.051576 25.507901 22.121896 11.538462 17.233010 15.071770 21.670429 12.500000 11.738149 21.686747 15.801354 10.158014 23.476298 14.583333 12.646370 15.167095 19.428571 14.898420 22.573363 11.512415 16.235294 12.534819 16.576087 15.500000 17.060367 20.090293 26.410835 10.681818 27.671233 14.285714 14.670659 15.772871 13.746631 15.075377 14.736842 11.512415 10.609481 22.121896 23.619632 25.282167 21.218962 11.286682 16.850829 26.740947 9.706546 15.813953 20.541761 15.056818 20.227273 11.286682 13.995485 22.347630 23.702032 14.593301 9.706546 18.131868 13.769752 20.433437 19.362745 14.898420 15.860215 13.184080 12.244898 15.263158 24.153499 13.056380 10.158014 10.609481 17.451524 13.687151 21.670429 27.868852 15.364583 14.400000
sp|P33032|MC5R_HUMAN  11.076923 13.230769 16.923077 13.846154 18.461538 19.076923 60.307692 16.000000 13.230769 16.615385 15.384615 19.384615 13.230769 13.538462 12.615385 16.923077 18.769231 12.615385 100.000000 18.153846 17.230769 11.333333 15.384615 18.153846 15.076923 17.610063 17.538462 16.923077 12.923077 16.307692 16.615385 14.461538 17.230769 12.615385 17.538462 14.461538 15.076923 18.153846 17.230769 20.000000 15.384615 15.384615 18.769231 12.615385 15.076923 12.923077 10.461538 20.615385 13.230769 12.923077 16.307692 13.846154 14.769231 13.230769 17.538462 15.384615 16.000000 11.692308 11.692308 15.384615 16.615385 16.307692 15.384615 16.615385 13.846154 12.923077 15.384615 15.076923 13.538462 43.217666 13.538462 15.692308 14.461538 12.923077 11.384615 14.153846 20.923077 16.000000 16.307692 12.307692 14.769231 16.615385 12.307692 13.230769 14.769231 12.923077 16.307692 13.846154 15.384615 16.615385 16.923077 15.692308 11.384615 20.923077 16.000000 58.513932 19.384615 14.769231 14.461538 13.538462 12.615385 11.692308 15.692308 12.000000 13.230769 12.615385 15.692308 14.461538 16.615385 19.076923 12.307692 14.153846
sp|P08908|5HT1A_HUMAN 11.611374 23.459716 29.971989 15.601023 27.577320 15.384615 16.265060 15.071770 10.426540 16.582915 13.759214 38.992042 15.443038 11.374408 11.374408 17.886179 24.644550 26.540284 18.153846 100.000000 16.483516 15.000000 26.500000 15.297450 18.957346 24.213836 38.717949 17.902813 15.235457 25.298329 23.728814 14.691943 26.777251 10.189573 29.146919 18.246445 23.696682 14.690722 15.186246 28.199052 24.407583 14.358974 22.087379 13.636364 24.881517 14.218009 11.137441 22.590361 17.061611 10.426540 26.303318 15.364583 12.322275 17.480720 16.285714 15.402844 21.327014 12.085308 17.061611 16.991643 17.663043 16.000000 17.847769 25.355450 32.227488 9.952607 36.438356 14.786967 16.167665 17.350158 15.633423 16.331658 13.421053 11.374408 9.241706 24.881517 23.926380 27.014218 18.957346 11.137441 15.745856 28.690808 9.715640 15.639810 20.616114 13.068182 19.431280 14.454976 15.402844 18.720379 26.777251 14.593301 10.426540 13.461538 16.113744 14.860681 23.774510 17.772512 16.129032 12.686567 13.994169 16.578947 27.251185 14.243323 11.374408 9.952607 16.343490 15.642458 24.407583 35.792350 15.364583 16.533333
sp|P35346|SSR5_HUMAN  12.637363 18.131868 17.086835 23.351648 18.406593 17.094017 16.265060 52.197802 13.736264 28.021978 16.208791 19.230769 20.329670 13.461538 10.714286 48.626374 19.230769 20.879121 17.230769 16.483516 100.000000 18.000000 21.428571 14.730878 22.527473 14.779874 17.032967 42.582418 17.174515 23.076923 19.780220 17.307692 22.252747 12.087912 21.428571 21.703297 17.032967 46.428571 27.793696 17.857143 20.054945 12.912088 15.384615 15.659341 19.505495 18.406593 11.813187 20.481928 21.428571 11.538462 18.406593 19.505495 15.384615 21.978022 19.142857 19.505495 18.131868 11.813187 22.252747 13.091922 24.450549 32.142857 22.527473 18.131868 20.054945 12.637363 14.285714 21.978022 22.754491 14.195584 17.582418 18.681319 29.945055 11.538462 12.087912 17.582418 17.791411 20.329670 19.230769 12.087912 20.165746 21.169916 12.912088 21.428571 19.505495 22.443182 18.131868 14.835165 14.560440 19.505495 15.934066 15.659341 11.813187 14.835165 16.208791 15.479876 22.252747 15.659341 32.692308 14.010989 14.285714 23.901099 20.879121 19.881306 12.362637 12.087912 17.728532 14.804469 17.582418 14.835165 19.780220 17.032967
sp|O14842|FFAR1_HUMAN 15.333333 14.333333 15.000000 17.000000 13.666667 13.666667 11.333333 15.333333 13.666667 16.000000 12.666667 14.666667 20.666667 13.333333 13.000000 14.666667 13.000000 13.666667 11.333333 15.000000 18.000000 100.000000 16.000000 14.000000 13.666667 12.666667 13.666667 14.333333 14.666667 18.666667 13.333333 17.000000 13.666667 13.333333 12.666667 15.333333 15.666667 16.333333 15.666667 17.333333 14.333333 14.666667 13.333333 13.333333 15.666667 15.000000 12.000000 16.333333 12.333333 12.666667 16.666667 13.666667 13.333333 14.000000 12.333333 12.333333 16.000000 11.666667 13.333333 17.000000 18.333333 14.666667 13.333333 15.000000 13.333333 12.666667 13.000000 14.333333 16.333333 13.666667 15.333333 15.333333 14.000000 11.000000 12.000000 15.666667 13.000000 14.666667 16.000000 12.000000 13.666667 15.000000 13.000000 14.666667 15.333333 16.000000 18.000000 13.333333 14.666667 16.000000 14.333333 13.000000 12.000000 12.000000 13.333333 11.000000 18.333333 15.000000 15.333333 15.333333 16.333333 18.333333 16.333333 18.000000 13.666667 10.666667 15.000000 16.666667 15.000000 13.333333 11.666667 14.333333
sp|P35462|DRD3_HUMAN  11.250000 20.250000 26.610644 16.112532 22.938144 16.239316 13.855422 15.750000 10.250000 16.582915 15.750000 28.116711 14.683544 10.250000 11.750000 15.989160 20.000000 49.000000 15.384615 26.500000 21.428571 16.000000 100.000000 17.563739 17.000000 19.182390 25.897436 14.322251 15.235457 36.000000 20.500000 13.250000 25.000000 11.250000 29.500000 16.250000 21.000000 15.979381 13.180516 26.750000 22.750000 12.307692 16.250000 15.500000 22.500000 15.500000 10.750000 18.072289 15.750000 10.250000 26.000000 14.322917 13.500000 14.652956 18.857143 10.500000 23.750000 11.750000 16.250000 14.484680 14.945652 15.750000 16.797900 21.000000 29.750000 10.250000 26.575342 15.288221 15.868263 13.880126 15.633423 16.834171 12.631579 12.000000 12.250000 23.000000 23.619632 28.500000 22.000000 13.000000 16.298343 24.512535 11.750000 15.000000 23.250000 14.204545 18.500000 13.000000 15.500000 24.250000 24.750000 15.500000 12.000000 14.835165 14.000000 15.170279 25.000000 14.500000 15.591398 13.250000 14.285714 13.947368 27.000000 14.243323 10.500000 10.500000 15.235457 15.363128 21.500000 27.595628 15.625000 13.066667
sp|Q9UBY5|LPAR3_HUMAN 11.898017 15.297450 15.580737 13.881020 12.181303 45.014245 19.578313 15.297450 12.747875 13.031161 14.164306 17.280453 15.014164 11.048159 10.764873 14.447592 15.297450 13.314448 18.153846 15.297450 14.730878 14.000000 17.563739 100.000000 12.181303 18.238994 19.263456 18.130312 13.597734 15.014164 16.713881 11.048159 13.597734 11.614731 15.297450 12.747875 13.031161 16.147309 14.613181 20.396601 14.164306 11.898017 16.713881 13.881020 13.881020 13.597734 12.181303 18.975904 14.164306 13.031161 18.696884 14.447592 12.747875 15.580737 14.571429 11.898017 16.147309 10.764873 14.730878 11.614731 12.747875 14.730878 15.580737 12.747875 16.430595 11.898017 16.147309 14.447592 13.772455 15.141956 15.014164 14.164306 15.297450 12.464589 11.331445 14.730878 15.337423 15.864023 13.597734 11.331445 15.864023 17.563739 11.048159 16.430595 13.031161 13.636364 13.314448 11.614731 13.597734 12.181303 15.014164 13.881020 13.031161 45.892351 20.679887 15.789474 15.297450 14.447592 14.730878 13.881020 13.411079 15.014164 19.830028 13.946588 10.764873 10.764873 12.181303 12.181303 13.597734 17.847025 13.597734 15.580737
sp|P32239|GASR_HUMAN  13.199105 16.554810 13.445378 14.066496 17.783505 13.960114 17.168675 18.421053 11.872146 21.859296 19.164619 17.771883 17.468354 12.080537 11.185682 15.989160 16.554810 13.995485 15.076923 18.957346 22.527473 13.666667 17.000000 12.181303 100.000000 19.182390 19.487179 16.879795 19.667590 17.899761 17.917676 15.158371 21.029083 11.409396 17.449664 45.327103 15.436242 20.876289 20.916905 17.449664 17.897092 13.589744 14.805825 18.899522 16.331096 21.226415 11.633110 17.771084 20.270270 11.409396 16.107383 20.052083 13.817330 20.822622 19.142857 18.791946 19.015660 11.185682 21.176471 15.598886 19.565217 16.750000 20.734908 15.695067 19.463087 11.363636 18.630137 20.802005 16.766467 18.296530 22.102426 20.100503 18.947368 12.080537 13.199105 15.659955 18.404908 18.344519 18.344519 11.633110 19.613260 20.334262 9.843400 20.000000 17.078652 16.761364 13.863636 12.751678 14.541387 16.107383 17.449664 17.464115 11.409396 12.637363 13.646532 17.027864 22.549020 18.876404 22.043011 16.169154 14.577259 18.684211 19.910515 14.836795 12.751678 10.961969 16.620499 15.921788 16.778523 18.852459 21.093750 22.933333
sp|P0DMS8|AA3R_HUMAN  12.264151 18.238994 16.352201 17.924528 22.641509 16.981132 15.408805 18.867925 12.893082 15.408805 17.610063 19.496855 14.150943 11.635220 12.264151 19.182390 18.238994 22.012579 17.610063 24.213836 14.779874 12.666667 19.182390 18.238994 19.182390 100.000000 21.383648 17.295597 12.578616 17.610063 19.811321 15.723270 23.584906 11.635220 18.238994 18.238994 17.924528 17.924528 19.182390 21.069182 22.955975 13.522013 37.106918 16.037736 20.440252 15.094340 11.949686 34.905660 17.295597 11.635220 22.012579 17.610063 20.125786 15.723270 16.666667 17.295597 21.069182 11.635220 17.924528 13.836478 17.610063 18.238994 20.754717 16.666667 19.811321 13.522013 20.754717 18.553459 16.037736 14.826498 15.408805 18.238994 17.295597 11.006289 13.522013 17.924528 45.283019 19.811321 21.069182 12.264151 18.867925 22.641509 12.893082 20.125786 14.150943 16.352201 19.496855 11.320755 14.779874 18.867925 18.553459 14.150943 11.949686 19.182390 16.037736 15.094340 21.698113 14.779874 18.238994 13.836478 13.836478 16.352201 21.383648 12.578616 12.578616 12.578616 17.610063 15.723270 20.754717 16.981132 16.037736 14.779874
sp|P28222|5HT1B_HUMAN 12.307692 25.384615 31.372549 14.615385 20.876289 14.245014 19.277108 15.897436 12.564103 14.871795 13.333333 59.681698 14.102564 11.794872 11.025641 15.718157 25.897436 28.717949 17.538462 38.717949 17.032967 13.666667 25.897436 19.263456 19.487179 21.383648 100.000000 15.384615 14.958449 22.307692 24.102564 16.153846 28.974359 10.769231 29.487179 19.487179 25.384615 17.783505 18.624642 28.205128 25.897436 12.820513 20.000000 14.871795 26.153846 13.333333 11.025641 17.771084 19.230769 10.769231 27.948718 15.104167 14.102564 17.480720 19.714286 13.589744 24.615385 11.282051 19.487179 13.649025 15.217391 17.692308 19.160105 22.820513 30.256410 9.743590 44.383562 15.384615 13.473054 16.719243 16.981132 15.128205 19.210526 11.794872 11.794872 27.692308 17.177914 27.179487 22.820513 11.025641 18.232044 22.562674 10.512821 17.435897 22.307692 14.488636 22.307692 11.025641 15.128205 24.358974 28.717949 16.153846 11.282051 16.483516 17.948718 18.266254 25.384615 16.666667 19.354839 13.846154 13.119534 15.526316 27.948718 17.507418 11.025641 10.512821 15.512465 12.849162 25.897436 44.262295 15.625000 17.066667
sp|P30872|SSR1_HUMAN  13.554987 16.112532 17.086835 20.716113 17.268041 17.094017 14.457831 40.664962 11.764706 23.273657 16.368286 18.832891 18.158568 11.764706 12.787724 43.902439 16.368286 14.578005 16.923077 17.902813 42.582418 14.333333 14.322251 18.130312 16.879795 17.295597 15.384615 100.000000 16.066482 16.368286 18.414322 16.368286 20.204604 13.810742 19.437340 16.624041 14.322251 55.154639 23.495702 20.460358 14.833760 14.615385 10.741688 14.322251 15.601023 15.345269 11.253197 16.566265 18.925831 12.531969 21.739130 17.708333 14.578005 16.452442 17.428571 19.693095 17.902813 11.253197 18.158568 11.977716 20.923913 33.759591 19.947507 16.624041 17.902813 11.508951 16.986301 21.227621 20.359281 15.457413 18.059299 18.414322 33.947368 11.253197 12.787724 17.391304 17.791411 16.624041 16.624041 12.531969 19.337017 22.284123 11.508951 17.135550 15.601023 23.011364 18.158568 12.020460 13.810742 16.624041 16.624041 16.112532 11.253197 15.934066 13.299233 13.931889 17.391304 15.601023 36.290323 13.810742 12.536443 21.315789 23.017903 20.474777 12.276215 11.508951 13.019391 12.569832 14.833760 16.393443 18.750000 14.933333
sp|Q5NUL3|FFAR4_HUMAN 14.404432 11.911357 13.725490 15.789474 13.850416 14.529915 12.951807 18.836565 12.742382 16.897507 14.127424 14.958449 16.620499 12.465374 12.465374 18.005540 13.573407 13.296399 12.923077 15.235457 17.174515 14.666667 15.235457 13.597734 19.667590 12.578616 14.958449 16.066482 100.000000 16.066482 14.958449 17.451524 12.742382 11.357341 13.850416 18.836565 15.789474 19.390582 19.197708 16.897507 13.573407 15.512465 12.742382 15.512465 13.573407 14.127424 11.634349 13.253012 18.282548 13.019391 14.127424 16.343490 16.343490 14.681440 18.571429 13.019391 16.620499 13.296399 17.728532 14.206128 14.681440 15.512465 18.282548 16.620499 16.066482 11.634349 13.019391 16.897507 13.772455 14.195584 14.681440 14.958449 16.620499 12.465374 13.296399 11.634349 17.484663 14.404432 12.742382 13.573407 18.282548 16.713092 12.188366 16.620499 14.681440 17.045455 14.127424 12.742382 12.742382 14.404432 12.188366 14.127424 11.357341 14.404432 15.512465 12.074303 14.404432 14.127424 17.174515 18.005540 14.868805 16.620499 15.235457 15.430267 12.465374 11.634349 14.958449 14.804469 12.188366 12.465374 15.789474 15.789474
sp|P21917|DRD4_HUMAN  12.410501 20.047733 24.369748 14.066496 20.876289 17.948718 17.469880 17.942584 10.023866 18.592965 13.759214 23.607427 14.177215 9.785203 10.978520 16.802168 15.513126 32.458234 16.307692 25.298329 23.076923 18.666667 36.000000 15.014164 17.899761 17.610063 22.307692 16.368286 16.066482 100.000000 16.707022 13.603819 25.536993 11.455847 29.116945 15.274463 20.286396 20.360825 16.618911 24.821002 23.627685 12.820513 16.262136 13.636364 19.331742 16.229117 12.410501 22.289157 13.603819 10.262530 24.582339 12.760417 12.171838 17.223650 17.142857 11.455847 20.047733 11.217184 14.319809 15.041783 20.380435 17.000000 15.485564 21.002387 29.355609 10.978520 24.657534 15.538847 14.371257 15.457413 17.250674 14.824121 15.263158 10.739857 11.217184 17.422434 23.006135 27.207637 22.911695 11.217184 16.850829 24.791086 10.501193 16.467780 24.105012 11.931818 19.809069 14.319809 13.603819 18.615752 23.866348 13.875598 10.978520 13.186813 12.410501 21.052632 27.696078 12.887828 20.161290 14.676617 14.577259 13.947368 26.968974 11.572700 13.603819 9.546539 14.127424 13.966480 18.377088 23.770492 14.062500 12.533333
sp|P07550|ADRB2_HUMAN 11.380145 21.791768 21.848739 14.066496 28.092784 17.663818 17.771084 18.644068 11.138015 16.834171 17.199017 26.525199 15.189873 12.590799 12.832930 17.615176 22.033898 21.791768 16.615385 23.728814 19.780220 13.333333 20.500000 16.713881 17.917676 19.811321 24.102564 18.414322 14.958449 16.707022 100.000000 15.496368 48.668281 10.895884 22.518160 18.159806 24.939467 19.845361 19.484241 25.907990 21.065375 13.076923 19.902913 13.559322 19.854722 15.254237 11.138015 23.192771 17.675545 10.653753 25.665860 17.187500 14.285714 16.452442 18.571429 19.128329 21.065375 12.106538 18.159806 10.027855 19.021739 17.000000 18.110236 27.845036 19.854722 11.380145 27.671233 17.543860 16.167665 19.558360 16.442049 18.844221 17.368421 12.106538 10.411622 21.549637 21.779141 19.128329 22.760291 11.864407 16.298343 27.576602 10.653753 17.675545 15.254237 18.181818 22.276029 11.622276 14.769976 21.791768 23.486683 15.738499 10.169492 14.835165 14.043584 15.479876 39.215686 14.527845 17.741935 11.194030 13.411079 16.052632 25.907990 18.397626 12.106538 10.411622 16.066482 15.083799 18.401937 25.136612 16.666667 15.733333
sp|P24530|EDNRB_HUMAN 11.312217 11.764706 12.324930 16.879795 12.113402 12.535613 16.265060 13.397129 11.872146 17.587940 14.987715 15.915119 13.670886 12.217195 10.859729 18.428184 14.705882 13.122172 14.461538 14.691943 17.307692 17.000000 13.250000 11.048159 15.158371 15.723270 16.153846 16.368286 17.451524 13.603819 15.496368 100.000000 14.705882 11.990950 12.895928 15.420561 10.859729 18.556701 19.484241 13.348416 13.800905 13.589744 13.592233 17.464115 13.800905 12.264151 11.085973 14.759036 17.420814 11.538462 13.348416 24.739583 51.288056 15.938303 14.857143 16.742081 12.669683 11.764706 15.294118 10.584958 16.032609 14.500000 20.209974 11.990950 13.122172 11.818182 15.616438 24.060150 15.269461 13.880126 14.016173 14.824121 16.578947 11.764706 10.859729 12.669683 18.098160 11.990950 13.122172 11.312217 16.298343 17.548747 10.407240 15.581395 15.158371 17.897727 13.409091 11.538462 10.633484 11.764706 16.515837 12.200957 11.085973 12.912088 14.932127 13.931889 15.931373 12.443439 17.473118 10.945274 14.285714 18.947368 14.932127 16.023739 10.633484 10.180995 14.404432 13.407821 13.574661 15.300546 18.489583 18.666667
sp|P08588|ADRB1_HUMAN 11.740042 19.077568 23.529412 13.810742 30.154639 17.378917 19.277108 20.334928 11.415525 21.105528 16.953317 27.055703 19.240506 10.691824 11.320755 21.409214 20.125786 21.444695 17.230769 26.777251 22.252747 13.666667 25.000000 13.597734 21.029083 23.584906 28.974359 20.204604 12.742382 25.536993 48.668281 14.705882 100.000000 11.740042 25.376344 19.859813 24.318658 20.618557 20.057307 26.415094 20.000000 13.589744 20.873786 15.789474 18.867925 17.452830 11.530398 25.602410 20.270270 11.879050 21.030043 16.145833 12.880562 17.994859 20.000000 15.913978 22.717622 10.901468 20.000000 14.206128 23.913043 16.250000 19.422572 25.784753 24.025974 11.363636 28.493151 16.541353 16.467066 20.820189 19.946092 17.336683 18.421053 11.111111 12.997904 18.867925 23.006135 23.555556 20.545073 10.691824 16.850829 30.640669 11.324786 19.069767 18.426966 14.204545 27.272727 11.949686 14.675052 20.960699 24.109015 15.071770 11.378556 18.956044 14.618644 14.860681 47.794118 15.505618 19.354839 17.412935 16.618076 17.631579 28.511530 16.617211 13.207547 9.704641 18.005540 16.480447 15.236052 25.956284 17.447917 15.200000
sp|P47871|GLR_HUMAN   36.687631 9.853249 10.924370 11.764706 10.824742 13.960114 13.253012 11.961722 30.365297 10.552764 10.810811 11.140584 13.164557 25.366876 12.368973 10.840108 10.062893 10.383747 12.615385 10.189573 12.087912 13.333333 11.250000 11.614731 11.409396 11.635220 10.769231 13.810742 11.357341 11.455847 10.895884 11.990950 11.740042 100.000000 10.537634 10.981308 9.643606 13.402062 13.467049 11.320755 10.217391 11.794872 11.165049 11.961722 8.805031 13.679245 10.901468 15.361446 11.036036 42.116631 9.871245 10.937500 11.475410 13.367609 12.857143 9.032258 11.252654 10.062893 11.294118 13.091922 14.130435 11.750000 11.811024 10.538117 9.307359 32.272727 11.232877 12.030075 11.377246 13.880126 12.398922 11.809045 11.578947 11.320755 26.205451 10.482180 13.803681 10.000000 10.062893 10.482180 13.259669 12.534819 28.846154 11.395349 11.011236 12.500000 11.590909 12.368973 10.691824 10.698690 11.320755 10.765550 32.166302 12.362637 10.593220 13.312693 12.500000 10.561798 11.827957 12.686567 12.536443 12.894737 11.530398 11.275964 11.530398 20.675105 10.803324 11.452514 8.798283 10.928962 10.416667 12.800000
sp|P08913|ADA2A_HUMAN 10.752688 21.720430 27.170868 14.322251 25.515464 16.524217 15.361446 17.942584 9.589041 17.587940 13.022113 31.034483 15.443038 10.107527 12.043011 19.241192 19.569892 28.216704 17.538462 29.146919 21.428571 12.666667 29.500000 15.297450 17.449664 18.238994 29.487179 19.437340 13.850416 29.116945 22.518160 12.895928 25.376344 10.537634 100.000000 16.355140 20.430108 21.134021 15.759312 23.655914 23.478261 12.051282 19.174757 14.832536 21.075269 12.971698 11.827957 22.891566 15.990991 9.719222 23.440860 13.802083 10.538642 14.652956 19.428571 13.548387 20.645161 10.967742 17.176471 13.370474 17.663043 16.000000 17.847769 20.403587 48.051948 9.318182 29.041096 14.536341 15.269461 17.350158 17.789757 16.080402 18.684211 12.043011 10.537634 20.430108 19.018405 46.666667 19.569892 10.537634 17.955801 22.562674 9.247312 15.348837 25.168539 13.920455 21.590909 10.967742 12.688172 18.340611 20.645161 13.875598 10.940919 11.813187 12.043011 17.337461 21.813725 16.179775 18.548387 14.179104 12.827988 14.473684 24.516129 16.913947 12.473118 9.892473 17.174515 13.966480 19.354839 30.327869 14.843750 14.400000
